ISS (ZARYA)
1 25544U 98067A   24247.51817504  .00016717  00000-0  30287-3 0  9991
2 25544  51.6408  21.5291 0003157 124.9514 285.1882 15.50063015455227
CALSPHERE 1
1 00900U 64063C   25257.50218861  .00000532  00000+0  53522-3 0  9999
2 00900  90.2136  65.4009 0026813  50.2185   8.8743 13.76186628 33506
CALSPHERE 2
1 00902U 64063E   25257.53094507  .00000053  00000+0  66708-4 0  9992
2 00902  90.2265  69.2989 0017032 311.8819 114.8085 13.52871662818997
LCS 1
1 01361U 65034C   25257.40119964  .00000008  00000+0 -72505-4 0  9995
2 01361  32.1392 111.8335 0013453 226.6053 133.3324  9.89309324182574
TEMPSAT 1
1 01512U 65065E   25257.34981757  .00000054  00000+0  90674-4 0  9994
2 01512  89.9833 212.7579 0068054 304.3477 222.7272 13.33571561923288
CALSPHERE 4A
1 01520U 65065H   25257.59012620  .00000084  00000+0  14223-3 0  9992
2 01520  89.9148 125.0189 0069777 159.9587 260.4271 13.36215181925903
OPS 5712 (P/L 160)
1 02826U 67053A   25257.54643887  .00005904  00000+0  95192-3 0  9991
2 02826  69.9212 351.1548 0002208 353.5072   6.6043 14.71920941 25580
